optimizastion done so far .


1. replaced division with multiplication in solve jacobi got these results :

---results with multiplication instead of division in solve jacobi ----
+0.945022925310054  0.000000000     2635.292 100 100 100
+1.191360817253026  0.000000000     2608.364 100 100 100
+1.184568697939540  0.000000000     2599.177 100 100 100
+1.437763455683713  0.000000000     2614.061 100 100 100
+1.463043183363641  0.000000000     2600.224 100 100 100
+1.740140421390757  0.000000000     2611.006 100 100 100
+1.793600559822490  0.000000000     2619.921 100 100 100
+2.106274827102639  0.000000000     2617.882 100 100 100
+2.188698441105965  0.000000000     2604.969 100 100 100
+2.547775111105633  0.000000000     2610.540 100 100 100

-----reference values ------
+0.945022925310054  0.000000000     2979.511 100 100 100
+1.191360817253025  0.000000000     2968.967 100 100 100
+1.184568697939539  0.000000000     2976.092 100 100 100
+1.437763455683713  0.000000000     2977.320 100 100 100
+1.463043183363641  0.000000000     2978.978 100 100 100
+1.740140421390757  0.000000000     2970.580 100 100 100
+1.793600559822490  0.000000000     2973.040 100 100 100
+2.106274827102639  0.000000000     2978.892 100 100 100
+2.188698441105965  0.000000000     2978.267 100 100 100
+2.547775111105633  0.000000000     2979.795 100 100 100



//
changed mesh structure from SOA to AOS got these results :


//implemted blocking in solve jacobi got these results :